4 4 4 4 4 4 4 4 4
4 1 2 2 2 2 2 2 2
4 1 4 4 4 4 4 4 0
4 1 4 1 2 2 2 4 0
4 1 4 1 4 4 0 4 0
4 1 4 3 6 4 0 4 0
4 1 4 4 4 4 0 4 0
4 3 3 3 3 3 0 4 0
4 3 3 1 4 4 4 4 0
4 0 4 3 3 3 3 3 0
4 0 3 0 0 4 0 4 4
4 0 0 4 0 4 0 4 4
4 0 0 2 0 2 0 2 4
8 0 8 0 8 0 8 0 8
1 1 0 1 0
600
15
0 10
13 5 1 1 9 14 0
13 5 1 2 9 14 0
13 5 1 3 9 14 0
13 5 1 4 9 14 0
13 5 1 5 9 14 0
13 5 1 6 9 14 0
13 5 1 7 9 14 0
13 5 1 8 9 14 0
13 5 1 9 9 14 0
13 5 1 10 9 14 0
1 10
13 1 4 1 9 14 4
13 1 4 2 9 14 4
13 1 4 3 9 14 4
13 1 4 4 9 14 4
13 1 4 5 9 14 4
13 1 4 6 9 14 4
13 1 4 7 9 14 4
13 1 4 8 9 14 4
13 1 4 9 9 14 4
13 1 4 10 9 14 4
2 10
13 3 2 1 9 14 11
13 3 2 2 9 14 11
13 3 2 3 9 14 11
13 3 2 4 9 14 11
13 3 2 5 9 14 11
13 3 2 6 9 14 11
13 3 2 7 9 14 11
13 3 2 8 9 14 11
13 3 2 9 9 14 11
13 3 2 10 9 14 11
3 3
13 7 1 1 160 54 1
13 7 1 4 160 54 1
13 7 1 7 160 54 1
4 15
13 3 2 1 76 14 6
13 3 2 2 76 14 6
13 3 2 3 76 14 6
13 3 2 4 76 14 6
13 3 2 5 76 14 6
13 5 1 1 108 14 3
13 5 1 2 108 14 3
13 5 1 3 108 14 3
13 5 1 4 108 14 3
13 5 1 5 108 14 3
13 5 1 6 108 14 3
13 5 1 7 108 14 3
13 5 1 8 108 14 3
13 5 1 9 108 14 3
13 5 1 10 108 14 3
5 15
13 1 4 1 76 14 5
13 1 4 2 76 14 5
13 1 4 3 76 14 5
13 1 4 4 76 14 5
13 1 4 5 76 14 5
13 3 2 1 108 14 14
13 3 2 2 108 14 14
13 3 2 3 108 14 14
13 3 2 4 108 14 14
13 3 2 5 108 14 14
13 3 2 6 108 14 14
13 3 2 7 108 14 14
13 3 2 8 108 14 14
13 3 2 9 108 14 14
13 3 2 10 108 14 14
6 15
13 3 2 1 148 14 8
13 3 2 2 148 14 8
13 3 2 3 148 14 8
13 3 2 4 148 14 8
13 5 1 5 154 14 7
13 5 1 6 154 14 7
13 5 1 7 154 14 7
13 5 1 8 154 14 7
13 5 1 9 154 14 7
13 5 1 10 154 14 7
13 1 4 6 122 14 15
13 1 4 7 122 14 15
13 1 4 8 122 14 15
13 1 4 9 122 14 15
13 1 4 10 122 14 15
7 12
13 5 1 1 168 14 11
13 5 1 2 168 14 11
13 5 1 3 168 14 11
13 5 1 4 168 14 11
13 5 1 5 168 14 11
13 5 1 6 168 14 11
13 5 1 7 168 14 11
13 5 1 8 168 14 11
13 5 1 9 168 14 11
13 5 1 10 168 14 11
13 7 1 12 388 54 1
13 7 1 15 388 54 1
8 4
13 7 1 1 442 54 1
13 7 1 4 442 54 1
13 7 1 7 442 54 1
13 7 1 10 442 54 1
9 15
13 5 1 1 172 14 3
13 5 1 2 172 14 3
13 5 1 3 172 14 3
13 5 1 4 172 14 3
13 5 1 5 172 14 3
13 3 2 6 166 14 6
13 3 2 7 166 14 6
13 3 2 8 166 14 6
13 3 2 9 166 14 6
13 3 2 10 154 14 6
13 1 4 12 154 14 4
13 1 4 13 154 14 4
13 1 4 14 154 14 4
13 1 4 15 154 14 4
13 1 4 16 154 14 4
10 11
13 1 4 1 156 14 2
13 1 4 2 156 14 2
13 1 4 3 156 14 2
13 1 4 4 156 14 2
13 1 4 5 156 14 2
13 1 4 6 156 14 2
13 1 4 7 156 14 2
13 1 4 8 156 14 2
13 1 4 9 156 14 2
13 7 4 15 280 54 1
11 15
13 1 4 1 163 14 15
13 1 4 2 163 14 15
13 1 4 3 163 14 15
13 1 4 4 163 14 15
13 1 4 5 163 14 15
13 1 4 6 163 14 15
13 1 4 7 163 14 15
13 1 4 8 163 14 15
13 5 1 11 184 14 11
13 5 1 12 184 14 11
13 5 1 13 184 14 11
13 5 1 14 184 14 11
13 5 1 15 184 14 11
13 5 1 16 184 14 11
13 5 1 17 184 14 11
13 5 1 18 184 14 11
12 15
13 3 2 1 184 14 12
13 3 2 2 184 14 12
13 3 2 3 184 14 12
13 3 2 4 184 14 12
13 3 2 5 184 14 12
13 3 2 6 184 14 12
13 3 2 7 184 14 12
13 3 2 8 184 14 12
13 3 2 9 184 14 12
13 3 2 10 184 14 12
13 3 2 11 184 14 12
13 3 2 12 184 14 12
13 3 2 13 184 14 12
13 3 2 14 184 14 12
13 3 2 15 184 14 12
13 7 1 16 200 54 1
13 7 1 19 200 54 1
13 7 1 13 200 54 1
13 30
13 5 1 1 288 14 6
13 5 1 2 288 14 6
13 5 1 3 308 14 6
13 5 1 4 308 14 6
13 5 1 5 308 14 6
13 5 1 6 308 14 6
13 5 1 7 308 14 6
13 5 1 8 308 14 6
13 5 1 9 308 14 6
13 5 1 10 308 14 5
13 3 2 13 282 14 5
13 3 2 14 282 14 5
13 3 2 15 282 14 5
13 3 2 16 282 14 5
13 3 2 17 282 14 5
13 3 2 18 282 14 5
13 3 2 19 282 14 5
13 3 2 20 282 14 5
13 3 2 21 282 14 5
13 3 2 22 282 14 5
13 1 4 21 216 14 4
13 1 4 22 216 14 4
13 1 4 23 216 14 4
13 1 4 24 216 14 4
13 1 4 25 216 14 4
13 1 4 26 216 14 4
13 1 4 27 216 14 4
13 1 4 28 216 14 4
13 1 4 29 216 14 4
13 1 4 30 216 14 4
14 35
13 5 1 1 288 14 0
13 5 1 2 288 14 0
13 5 1 3 308 14 0
13 5 1 4 308 14 0
13 5 1 5 308 14 0
13 5 1 6 308 14 0
13 5 1 7 308 14 0
13 5 1 8 308 14 0
13 5 1 9 308 14 0
13 5 1 10 308 14 7
13 3 2 13 282 14 7
13 3 2 14 282 14 7
13 3 2 15 282 14 7
13 3 2 16 282 14 7
13 3 2 17 282 14 7
13 3 2 18 282 14 7
13 3 2 19 282 14 7
13 3 2 20 282 14 7
13 3 2 21 282 14 7
13 3 2 22 282 14 7
13 1 4 21 216 14 15
13 1 4 22 216 14 15
13 1 4 23 216 14 15
13 1 4 24 216 14 15
13 1 4 25 216 14 15
13 1 4 26 216 14 15
13 1 4 27 216 14 15
13 1 4 28 216 14 15
13 1 4 29 216 14 15
13 1 4 30 216 14 15
13 7 1 37 600 54 1
13 7 1 39 600 54 1
13 7 1 42 900 168 13
