4 4 4 4 4 4 4 4 4
4 1 2 2 1 2 2 2 4
4 1 8 0 1 4 4 0 4
4 1 8 0 1 4 4 0 4
4 1 8 0 1 4 4 0 4
4 1 8 0 3 3 1 0 4
4 1 8 0 4 4 1 0 4
4 1 8 0 4 4 1 0 4
4 1 8 0 4 4 1 0 4
4 1 8 0 4 4 1 0 4
4 6 8 0 2 2 2 0 4
4 4 8 4 8 8 8 0 8
4 3 3 3 3 3 3 0 4
4 4 8 4 4 4 4 4 4
1 0 1 0 0
350
15
0 10
12 1 1 1 9 14 0
12 1 1 2 9 14 0
12 1 1 3 9 14 0
12 1 1 4 9 14 0
12 1 1 5 9 14 0
12 1 1 6 9 14 0
12 1 1 7 9 14 0
12 1 1 8 9 14 0
12 1 1 9 9 14 0
12 1 1 10 9 14 0
1 10
12 1 1 1 17 14 0
12 1 1 2 17 14 0
12 1 1 3 17 14 0
12 1 1 4 17 14 0
12 1 1 5 17 14 0
12 1 1 6 17 14 0
12 1 2 7 24 14 9
12 1 2 8 24 14 9
12 1 2 9 24 14 9
12 1 2 10 24 14 9
2 10
12 1 4 1 36 14 4
12 1 4 2 36 14 4
12 1 4 3 36 14 4
12 1 4 4 36 14 4
12 1 4 5 36 14 4
12 1 4 6 36 14 4
12 1 4 7 36 14 4
12 1 4 8 36 14 4
12 1 4 9 36 14 4
12 1 4 10 36 14 4
3 10
12 1 1 1 45 14 9
12 1 1 2 45 14 9
12 1 1 3 45 14 9
12 1 1 4 45 14 9
12 1 1 5 45 14 9
12 1 4 6 70 14 4
12 1 4 7 70 14 4
12 1 4 8 70 14 4
12 1 4 9 70 14 4
12 1 4 10 70 14 4
4 14
12 1 2 1 52 14 9
12 1 2 2 52 14 9
12 1 2 3 52 14 9
12 1 2 4 52 14 9
12 1 2 5 52 14 9
12 1 2 6 52 14 9
12 1 2 7 52 14 9
12 1 2 8 52 14 9
12 1 2 9 52 14 9
12 1 2 10 52 14 9
12 1 4 11 60 14 4
12 1 4 12 60 14 4
12 1 4 13 60 14 4
12 1 4 14 60 14 4
5 10
12 1 4 1 88 14 3
12 1 4 2 88 14 3
12 1 4 3 88 14 3
12 1 4 4 88 14 3
12 1 4 5 88 14 3
12 1 4 6 88 14 11
12 1 4 7 88 14 11
12 1 4 8 88 14 11
12 1 4 9 88 14 11
12 1 4 10 88 14 11
6 10
12 1 2 1 200 14 11
12 1 2 2 200 14 11
12 1 4 3 88 14 11
12 1 4 4 88 14 11
12 1 4 5 88 14 11
12 1 4 6 88 14 11
12 1 4 7 88 14 11
12 1 4 8 88 14 11
12 1 4 9 88 98 11
12 1 4 10 88 98 11
7 10
12 1 1 1 240 14 14
12 1 1 2 240 14 14
12 1 1 3 240 14 14
12 1 1 4 240 14 14
12 1 1 5 240 14 14
12 1 1 6 240 14 14
12 1 1 7 240 14 14
12 1 1 8 240 14 14
12 1 1 9 240 14 14
12 1 1 10 240 14 14
8 15
12 1 2 1 260 14 11
12 1 2 2 260 14 11
12 1 2 3 260 14 11
12 1 2 4 260 14 11
12 1 2 5 260 14 11
12 1 2 6 260 14 11
12 1 4 7 90 14 15
12 1 4 8 90 14 15
12 1 4 9 90 14 15
12 1 4 10 90 14 15
12 1 4 11 90 14 15
12 1 4 12 90 14 15
12 1 4 13 90 14 15
12 1 4 14 90 14 15
12 1 4 15 90 14 15
9 10
12 1 4 1 120 14 15
12 1 4 2 120 14 15
12 1 4 3 120 14 15
12 1 4 4 120 14 15
12 1 4 5 120 14 15
12 1 4 6 120 14 15
12 1 4 7 120 14 15
12 1 4 8 120 14 15
12 1 4 9 120 14 15
12 1 4 10 120 14 15
10 10
12 1 4 1 120 14 4
12 1 4 2 120 14 4
12 1 4 3 120 14 4
12 1 4 4 120 14 4
12 1 4 5 120 14 4
12 1 4 6 140 14 4
12 1 4 7 140 14 4
12 1 4 8 140 14 4
12 1 4 9 140 14 4
12 1 4 10 140 14 4
11 15
12 1 2 1 248 14 9
12 1 2 2 248 14 9
12 1 2 3 248 14 9
12 1 2 4 248 14 9
12 1 2 5 248 14 9
12 1 2 6 248 14 9
12 1 2 7 248 14 9
12 1 2 8 248 14 9
12 1 2 9 248 14 9
12 1 2 10 248 14 9
12 1 2 11 248 14 9
12 1 2 12 248 14 9
12 1 2 13 248 14 9
12 1 2 14 248 14 9
12 1 2 15 248 14 9
12 20
12 1 2 1 248 14 14
12 1 2 2 248 14 14
12 1 2 3 248 14 14
12 1 2 4 248 14 14
12 1 2 5 248 14 14
12 1 2 6 248 14 14
12 1 2 7 248 14 14
12 1 2 8 248 14 14
12 1 2 9 248 14 14
12 1 2 10 248 14 14
12 1 4 11 184 14 11
12 1 4 12 184 14 11
12 1 4 13 184 14 11
12 1 4 14 184 14 11
12 1 4 15 184 14 11
12 1 4 16 184 14 11
12 1 4 17 184 14 11
12 1 4 18 184 14 11
12 1 4 19 184 14 11
12 1 4 20 184 14 11
13 10
12 1 4 1 262 14 15
12 1 4 2 262 14 15
12 1 4 3 262 14 15
12 1 4 4 262 14 15
12 1 4 5 262 14 15
12 1 4 6 262 14 15
12 1 4 7 262 14 15
12 1 4 8 262 14 15
12 1 4 9 262 14 15
12 1 4 10 262 14 15
14 20
12 1 2 1 388 14 11
12 1 2 2 388 14 11
12 1 2 3 388 14 11
12 1 2 4 388 14 11
12 1 2 5 388 14 11
12 1 2 6 388 14 11
12 1 2 7 388 14 11
12 1 2 8 388 14 11
12 1 2 9 388 14 11
12 1 2 10 388 14 14
12 1 4 11 216 14 14
12 1 4 12 216 14 14
12 1 4 13 216 14 14
12 1 4 14 216 14 14
12 1 4 15 216 14 14
12 1 4 16 216 14 14
12 1 4 17 216 14 14
12 1 4 18 216 14 14
12 1 4 19 216 14 14
12 1 4 20 388 14 14
